%YAML:1.0
---
model_type: PINHOLE
camera_name: camera
image_width: 1280
image_height: 800
distortion_parameters:
   k1: -0.11916805263065858
   k2: 0.03244729510729144
   p1: -0.013794678016371091
   p2: -0.042164299770528525
projection_parameters:
   fx: 712.5378307853716
   fy: 700.6417331558946
   cx: 605.1029174205628
   cy: 478.2686770951363

