%YAML:1.0
---
model_type: PINHOLE
camera_name: camera
image_width: 1280
image_height: 720
distortion_parameters:
   k1: 0.
   k2: 0.
   p1: 0.
   p2: 0.
projection_parameters:
   fx: 5.7601123046875000e+02
   fy: 6.6383435058593750e+02
   cx: 6.9023547363281250e+02
   cy: 3.7148672485351562e+02
